-77 -77 -77 -77 -77 -77 -77 -77 -77 -77 -77 -77 -99 -99 -99 -99 -99 -66 -66 -66 -66 -66 -66 -66 -66 -66 -66 -66 -66 -66 -66 -66 -99 -99 -99 -99 -99 -99 -99 -99
-77 000 001 002 -01 -01 -01 003 004 005 006 -01 -07 -07 -07 -07 -07 -09 073 074 -08 -08 -08 -08 -08 075 076 077 078 079 080 -09 -07 -07 -07 -07 -07 -07 -07 -99
-77 007 008 009 010 011 012 013 -01 014 015 -01 -07 -07 -07 -07 -07 -09 -08 081 -08 082 083 -08 084 085 086 087 -08 -08 088 -09 -07 -07 -07 -07 -07 -07 -07 -99
-77 016 017 018 019 020 021 022 023 024 025 -01 -07 -07 -07 -07 -07 -09 -08 089 090 091 092 093 094 -88 -88 095 096 097 098 -09 -07 -07 -07 -07 -07 -07 -07 -99
-77 026 -01 027 -01 028 029 030 -01 -01 031 -01 -09 -09 -09 -09 -09 -09 -08 -08 -08 099 -08 -08 100 -88 -88 101 -08 -08 102 -09 -07 -07 -07 -07 -07 -07 -07 -99
-77 032 -01 033 034 035 -01 036 -01 037 038 -02 068 069 070 071 072 -03 103 104 105 106 107 108 109 -88 -88 110 -08 -08 111 -09 -07 -07 -07 -07 -07 -07 -07 -99
-77 039 -01 -01 -01 040 -01 041 -01 042 -01 -01 -09 -09 -09 -09 -09 -09 112 -08 -08 -08 -08 -08 113 114 115 116 -08 -08 -08 -09 -07 -07 -07 -07 -07 -07 -07 -99
-77 043 -01 044 045 046 -01 047 -01 048 -01 -01 -07 -07 -07 -07 -07 -09 117 118 119 120 121 122 123 124 125 126 127 128 129 -09 -07 -07 -07 -07 -07 -07 -07 -99
-77 049 -01 050 -01 -01 -01 051 -01 052 053 -01 -07 -07 -07 -07 -07 -09 130 -08 -08 -08 -08 -08 -08 -08 -08 -08 -08 131 -08 -09 -07 -07 -07 -07 -07 -07 -07 -99
-77 -01 054 055 056 057 058 059 -01 060 061 -01 -07 -07 -07 -07 -07 -09 132 -08 -08 -08 -08 -08 -08 -08 -08 -08 -08 133 -08 -09 -10 -10 -10 -10 -07 -07 -07 -99
-77 062 063 064 065 -01 -01 -01 -01 066 067 -01 -07 -07 -07 -07 -07 -09 134 135 136 137 138 139 140 141 142 143 144 145 146 -03 147 148 149 -10 -07 -07 -07 -99
-77 -01 -01 -01 -01 -01 -01 -01 -01 -01 -01 -01 -07 -07 -07 -07 -07 -09 -09 -09 -09 -09 -09 -09 -09 -09 -09 -09 -09 -09 -09 -09 -10 -10 150 -10 -07 -07 -07 -99
-99 -07 -07 -07 -07 -07 -07 -07 -07 -07 -07 -07 -07 -07 -07 -07 -07 -07 -07 -07 -07 -07 -07 -07 -07 -07 -07 -07 -07 -07 -07 -07 -07 -10 151 -10 -07 -07 -07 -99
-99 -07 -07 -07 -07 -10 -10 -10 -10 -10 -10 -10 -10 -10 -10 -10 -10 -10 -10 -10 -10 -10 -10 -10 -10 -10 -10 -10 -10 -10 -10 -10 -10 -10 152 -10 -07 -07 -07 -99
-99 -07 -07 -07 -07 -10 -11 178 177 176 175 174 173 172 171 170 169 168 167 166 165 164 163 162 161 160 159 -04 158 157 156 155 154 -04 153 -10 -07 -07 -07 -99
-99 -07 -07 -07 -07 -10 -11 179 -11 -11 -11 -11 -11 -11 -11 -11 -11 -11 -11 -11 -11 -11 -11 -11 -11 -11 -11 -10 -10 -10 -10 -10 -10 -10 -10 -10 -07 -07 -07 -99
-99 -07 -07 -07 -07 -10 -11 180 181 182 183 184 185 186 187 188 189 190 191 192 193 194 195 196 197 198 -11 -10 -07 -07 -07 -07 -07 -07 -07 -07 -07 -07 -07 -99    
-99 -07 -07 -07 -07 -10 -11 -11 -11 -11 -11 -11 -11 -11 -11 -11 -11 -11 -11 -11 -11 -11 -11 -11 -11 199 -11 -10 -07 -07 -07 -07 -07 -07 -07 -07 -07 -07 -07 -99 
-99 -07 -07 -07 -07 -10 -11 218 217 216 215 214 213 212 211 210 209 208 207 206 205 204 203 202 201 200 -11 -10 -07 -07 -07 -07 -07 -07 -07 -07 -07 -07 -07 -99 
-99 -07 -07 -07 -07 -10 -11 219 -11 -11 -11 -11 -11 -11 -11 -11 -11 -11 -11 -11 -11 -11 -11 -11 -11 -11 -11 -10 -07 -07 -07 -07 -07 -07 -07 -07 -07 -07 -07 -99 
-99 -07 -07 -07 -07 -10 -11 220 221 222 223 224 225 226 227 228 229 230 231 232 233 234 235 236 237 238 -11 -10 -07 -07 -07 -07 -07 -07 -07 -07 -07 -07 -07 -99 
-99 -07 -07 -07 -07 -10 -11 -11 -11 -11 -11 -11 -11 -11 -11 -11 -11 -11 -11 -11 -11 -11 -11 -11 -11 239 -11 -10 -07 -07 -07 -07 -07 -07 -07 -07 -07 -07 -07 -99 
-99 -07 -07 -07 -07 -03 259 258 257 256 255 254 253 252 251 250 249 248 247 246 245 244 243 242 241 240 -11 -10 -07 -07 -07 -07 -07 -07 -07 -07 -07 -07 -07 -99  
-99 -07 -07 -07 -07 -10 -10 -10 -10 -10 -10 -10 -10 -10 -10 -10 -10 -10 -10 -10 -10 -10 -10 -10 -10 -10 -10 -10 -07 -07 -07 -07 -07 -07 -07 -07 -07 -07 -07 -99 
-99 -07 -07 -07 -07 -07 -07 -07 -07 -07 -07 -07 -07 -07 -07 -07 -07 -07 -07 -07 -07 -07 -07 -07 -07 -07 -07 -07 -07 -07 -07 -07 -07 -07 -07 -07 -07 -07 -07 -99 
-99 -99 -99 -99 -99 -99 -99 -99 -99 -99 -99 -99 -99 -99 -99 -99 -99 -99 -99 -99 -99 -99 -99 -99 -99 -99 -99 -99 -99 -99 -99 -99 -99 -99 -99 -99 -99 -99 -99 -99
